0 0 0 0 0 0
0.0005 0 0 0.01 0 0.1
0.00199857 6.54704e-05 1.93986e-05 0.02 0.0436608 0.2
0.00448901 0.000283949 9.70627e-05 0.03 0.0874836 0.3
0.00795869 0.000743604 0.000272041 0.04 0.131614 0.4
0.0123888 0.00153344 0.000583598 0.05 0.176161 0.5
0.0177541 0.00274316 0.00107111 0.06 0.22118 0.6
0.0240226 0.00446262 0.00177377 0.07 0.266647 0.7
0.0311554 0.00678059 0.00273005 0.08 0.312434 0.8
0.0391075 0.00978297 0.00397687 0.09 0.358282 0.9
0.0478286 0.0135502 0.00554845 0.1 0.403779 1
0.0572655 0.0181541 0.00747499 0.11 0.448342 1.1
0.0673649 0.0236542 0.00978106 0.12 0.491213 1.2
0.0780782 0.0300944 0.012484 0.13 0.531479 1.3
0.089366 0.0374995 0.0155927 0.14 0.568111 1.4
0.101204 0.0458727 0.0191062 0.15 0.600027 1.5
0.113587 0.0551947 0.0230132 0.16 0.626169 1.6
0.126535 0.065423 0.0272918 0.17 0.645599 1.7
0.140089 0.076493 0.0319097 0.18 0.657574 1.8
0.154315 0.0883192 0.0368249 0.19 0.66162 1.9
0.1693 0.100798 0.0419861 0.2 0.657574 2
0.185142 0.113809 0.0473343 0.21 0.645599 2.1
0.201947 0.127219 0.0528041 0.22 0.626169 2.2
0.21982 0.140886 0.0583252 0.23 0.600026 2.3
0.238858 0.154663 0.0638252 0.24 0.568111 2.4
0.259143 0.168402 0.0692312 0.25 0.531479 2.5
0.280742 0.181957 0.0744722 0.26 0.491212 2.6
0.303703 0.195189 0.0794812 0.27 0.448341 2.7
0.328053 0.207967 0.084196 0.28 0.403779 2.8
0.353809 0.22017 0.0885598 0.29 0.358282 2.9
0.380968 0.231685 0.0925216 0.3 0.312433 3
0.409522 0.242406 0.0960349 0.31 0.266646 3.1
0.439451 0.252231 0.0990574 0.32 0.221179 3.2
0.470728 0.261063 0.10155 0.33 0.17616 3.3
0.503321 0.268804 0.103475 0.34 0.131613 3.4
0.537194 0.275352 0.104795 0.35 0.0874835 3.5
0.572303 0.280602 0.105474 0.36 0.0436606 3.6
0.608601 0.284445 0.105474 0.37 -1.62921e-07 3.7
0.646029 0.286762 0.104756 0.38 -0.0436608 3.8
0.684523 0.287427 0.103281 0.39 -0.0874836 3.9
0.724007 0.286308 0.101006 0.4 -0.131613 4
0.764393 0.283267 0.0978902 0.41 -0.176161 4.1
0.805578 0.278163 0.0938926 0.42 -0.22118 4.2
0.847445 0.270857 0.088974 0.43 -0.266647 4.3
0.889864 0.261218 0.0830997 0.44 -0.312434 4.4
0.932689 0.249126 0.0762423 0.45 -0.358282 4.5
0.975771 0.234488 0.0683843 0.46 -0.403779 4.6
1.01895 0.217242 0.0595222 0.47 -0.448342 4.7
1.0621 0.197368 0.0496691 0.48 -0.491212 4.8
1.10508 0.174894 0.0388571 0.49 -0.531479 4.9
1.1478 0.149902 0.0271398 0.5 -0.568111 5
1.19024 0.122528 0.0145917 0.51 -0.600026 5.1
1.23241 0.0929585 0.00130804 0.52 -0.626169 5.2
1.27438 0.0614254 -0.0125974 0.53 -0.645599 5.3
1.31631 0.0281955 -0.0269945 0.54 -0.657574 5.4
1.35839 -0.00643751 -0.04174 0.55 -0.66162 5.5
1.40086 -0.0421624 -0.0566804 0.56 -0.657574 5.6
1.44399 -0.0786591 -0.0716554 0.57 -0.645599 5.7
1.48805 -0.115606 -0.0865019 0.58 -0.626169 5.8
1.5333 -0.152686 -0.101058 0.59 -0.600027 5.9
1.57997 -0.189596 -0.115166 0.6 -0.568111 6
1.62825 -0.226048 -0.128681 0.61 -0.531479 6.1
1.67831 -0.261777 -0.141469 0.62 -0.491213 6.2
1.73025 -0.296539 -0.153414 0.63 -0.448342 6.3
1.78415 -0.330119 -0.164415 0.64 -0.40378 6.4
1.84003 -0.362318 -0.17439 0.65 -0.358282 6.5
1.89792 -0.39296 -0.183269 0.66 -0.312434 6.6
1.95781 -0.421881 -0.190999 0.67 -0.266647 6.7
2.01965 -0.448922 -0.197531 0.68 -0.22118 6.8
2.08343 -0.473928 -0.202828 0.69 -0.176161 6.9
2.14907 -0.496741 -0.206852 0.7 -0.131614 7
2.21654 -0.517193 -0.209571 0.71 -0.0874842 7.1
2.28576 -0.535106 -0.210948 0.72 -0.0436614 7.2
2.35666 -0.550287 -0.210948 0.73 2.02576e-06 7.3
2.42913 -0.562525 -0.209532 0.74 0.0436626 7.4
2.50308 -0.571595 -0.206658 0.75 0.0874856 7.5
2.57836 -0.577255 -0.202284 0.76 0.131616 7.6
2.65484 -0.579253 -0.196364 0.77 0.176163 7.7
2.73231 -0.57733 -0.188856 0.78 0.221182 7.79999
2.81058 -0.571229 -0.179721 0.79 0.266649 7.89999
2.88938 -0.56071 -0.168929 0.8 0.312436 7.99999
2.96844 -0.545557 -0.156461 0.81 0.358284 8.09999
3.04746 -0.525606 -0.142317 0.82 0.403781 8.2
3.12612 -0.500751 -0.126519 0.83 0.448344 8.3
3.20413 -0.470969 -0.109119 0.839999 0.491215 8.4
3.28121 -0.436331 -0.0901976 0.849999 0.531481 8.5
3.35713 -0.397007 -0.0698715 0.859999 0.568113 8.6
3.43175 -0.353267 -0.0482888 0.869999 0.600028 8.7
3.50504 -0.30547 -0.0256283 0.879999 0.626171 8.8
3.57707 -0.254051 -0.00209607 0.889999 0.6456 8.9
3.64803 -0.199497 0.0220802 0.899999 0.657574 9
3.71819 -0.142331 0.046656 0.909999 0.66162 9.1
3.78792 -0.0830899 0.0713756 0.919999 0.657573 9.2
3.85764 -0.0223076 0.0959774 0.929999 0.645597 9.3
3.92781 0.0394954 0.120201 0.939999 0.626167 9.4
3.99884 0.101823 0.143791 0.949999 0.600024 9.5
4.07114 0.164211 0.166508 0.959999 0.568108 9.6
4.14508 0.226229 0.188132 0.969999 0.531475 9.7
4.22093 0.287486 0.208467 0.979999 0.491208 9.8
4.29894 0.347629 0.227347 0.989999 0.448336 9.9
4.37927 0.406339 0.244634 0.999999 0.403774 10
4.46205 0.463326 0.260219 1.01 0.358277 10.1
4.54736 0.518325 0.274016 1.02 0.312428 10.2
4.63524 0.571082 0.285961 1.03 0.266641 10.3
4.72571 0.621349 0.296004 1.04 0.221174 10.4
4.81878 0.668876 0.304104 1.05 0.176154 10.5
4.91442 0.713403 0.310228 1.06 0.131607 10.6
5.01261 0.754651 0.314344 1.07 0.0874775 10.7
5.11329 0.792319 0.316419 1.08 0.043654 10.8
5.21641 0.82608 0.316419 1.09 -6.95785e-06 10.9
5.32186 0.855577 0.314304 1.1 -0.0436675 11
5.42953 0.880426 0.310032 1.11 -0.087491 11.1
5.53926 0.900213 0.303558 1.12 -0.131621 11.2
5.65085 0.914506 0.294834 1.13 -0.176168 11.3
5.76404 0.922857 0.283815 1.14 -0.221188 11.4
5.87852 0.924822 0.270465 1.15 -0.266655 11.5
5.99392 0.919975 0.254754 1.16 -0.312442 11.6
6.1098 0.907934 0.236675 1.17 -0.358291 11.7
6.22566 0.88839 0.216244 1.18 -0.403788 11.8
6.34098 0.861131 0.19351 1.19 -0.44835 11.9
6.45522 0.826078 0.168562 1.2 -0.491221 12
6.56788 0.783299 0.141532 1.21 -0.531487 12.1
6.67849 0.733027 0.112597 1.22 -0.568118 12.2
6.78672 0.675653 0.0819795 1.23 -0.600033 12.3
6.89238 0.611713 0.0499421 1.24 -0.626174 12.4
6.99544 0.541862 0.0167829 1.25 -0.645602 12.5
7.09604 0.466834 -0.0171726 1.26 -0.657576 12.6
7.1945 0.387411 -0.0515787 1.27 -0.66162 12.7
7.29126 0.304384 -0.0860774 1.28 -0.657572 12.8
7.38687 0.218531 -0.120306 1.29 -0.645595 12.9
7.48194 0.130594 -0.153906 1.3 -0.626163 13
7.57707 0.0412664 -0.18653 1.31 -0.600019 13.1
7.67287 -0.0488138 -0.217856 1.32 -0.568103 13.2
7.76988 -0.139065 -0.247588 1.33 -0.531469 13.3
7.86858 -0.228963 -0.27547 1.34 -0.491201 13.4
7.96936 -0.318034 -0.301285 1.35 -0.44833 13.5
8.07255 -0.405848 -0.324858 1.36 -0.403767 13.6
8.17842 -0.49201 -0.346053 1.37 -0.35827 13.7
8.28717 -0.576147 -0.364768 1.38 -0.312421 13.8
8.39897 -0.657901 -0.380928 1.39 -0.266634 13.9
8.51394 -0.736909 -0.394481 1.4 -0.221167 14
8.63218 -0.812802 -0.405384 1.41 -0.176147 14.1
8.75377 -0.885186 -0.413607 1.42 -0.131601 14.2
8.87875 -0.953639 -0.419121 1.43 -0.0874703 14.3
9.00715 -1.0177 -0.421894 1.44 -0.0436478 14.4
9.13898 -1.07687 -0.421893 1.45 1.59724e-05 14.5
9.2742 -1.1306 -0.419079 1.46 0.0436775 14.6
9.41272 -1.17829 -0.413408 1.47 0.0875001 14.7
9.5544 -1.2193 -0.404833 1.48 0.13163 14.8
9.69904 -1.25296 -0.393305 1.49 0.176178 14.9
9.84633 -1.27857 -0.378776 1.5 0.221197 15
9.99588 -1.2954 -0.361208 1.51 0.266665 15.1
10.1472 -1.30279 -0.340579 1.52 0.312452 15.2
10.2997 -1.30008 -0.316888 1.53 0.358301 15.3
10.4526 -1.28676 -0.29017 1.54 0.403797 15.4
10.6052 -1.26242 -0.2605 1.55 0.44836 15.5
10.7566 -1.22686 -0.228004 1.56 0.49123 15.6
10.9059 -1.18009 -0.192865 1.57 0.531495 15.7
11.0524 -1.12236 -0.155321 1.58 0.568126 15.8
11.1955 -1.05418 -0.115668 1.59 0.600039 15.9
11.3347 -0.976242 -0.0742535 1.6 0.626179 16
11.4697 -0.889449 -0.0314672 1.61 0.645606 16.1
11.6006 -0.79481 0.0122676 1.62 0.657577 16.2
11.7275 -0.693406 0.0565041 1.63 0.66162 16.3
11.8511 -0.586327 0.100782 1.64 0.65757 16.4
11.9719 -0.474634 0.144637 1.65 0.645591 16.5
12.0906 -0.35933 0.187613 1.66 0.626158 16.6
12.2081 -0.241335 0.229272 1.67 0.600013 16.7
12.3251 -0.121485 0.269205 1.68 0.568095 16.8
12.4424 -0.000532664 0.307046 1.69 0.531461 16.9
12.5607 0.120851 0.342474 1.7 0.491193 17
12.6806 0.242061 0.375224 1.71 0.448321 17.1
12.8026 0.362549 0.405082 1.72 0.403757 17.2
12.9273 0.481806 0.431887 1.73 0.35826 17.3
13.0549 0.599344 0.455519 1.74 0.312411 17.4
13.1858 0.714687 0.475895 1.75 0.266624 17.5
13.3204 0.827351 0.492956 1.76 0.221157 17.6
13.4588 0.93683 0.506663 1.77 0.176138 17.7
13.6014 1.04258 0.516985 1.78 0.131591 17.8
13.7483 1.14403 0.523895 1.79 0.087461 17.9
13.8996 1.24052 0.527366 1.8 0.0436382 18
14.0556 1.33135 0.527364 1.81 -2.32895e-05 18.1
14.2163 1.41576 0.523851 1.82 -0.0436839 18.2
14.3817 1.49289 0.516781 1.83 -0.087507 18.3
14.5518 1.56182 0.506106 1.84 -0.131637 18.4
14.7263 1.6216 0.491772 1.85 -0.176185 18.5
14.9051 1.67118 0.473732 1.86 -0.221204 18.6
15.0876 1.70952 0.451948 1.87 -0.266671 18.7
15.2732 1.73559 0.4264 1.88 -0.312459 18.8
15.4613 1.74841 0.397097 1.89 -0.358308 18.9
15.6508 1.74714 0.364092 1.9 -0.403804 19
15.8406 1.73111 0.327486 1.91 -0.448367 19.1
16.0296 1.69989 0.287443 1.92 -0.491236 19.2
16.2164 1.65337 0.244193 1.93 -0.531501 19.3
16.3998 1.59178 0.19804 1.94 -0.568132 19.4
16.5788 1.51568 0.149352 1.95 -0.600043 19.5
16.7525 1.42595 0.0985608 1.96 -0.626182 19.6
16.9203 1.32374 0.0461474 1.97 -0.645608 19.7
17.082 1.21037 -0.00736669 1.98 -0.657579 19.8
17.2377 1.08726 -0.0614335 1.99 -0.66162 19.9
17.3879 0.955862 -0.11549 2 -0.657569 20
17.533 0.817577 -0.168972 2.01 -0.645589 20.1
17.6741 0.673715 -0.221324 2.02 -0.626155 20.2
17.8121 0.525475 -0.272017 2.03 -0.600008 20.3
17.9479 0.373925 -0.320559 2.04 -0.56809 20.4
18.0825 0.220017 -0.366507 2.05 -0.531455 20.5
18.217 0.0645902 -0.409482 2.06 -0.491186 20.6
18.3521 -0.0916069 -0.449166 2.07 -0.448315 20.7
18.4885 -0.247896 -0.48531 2.08 -0.40375 20.8
18.6272 -0.403649 -0.517725 2.09 -0.358252 20.9
18.7685 -0.558264 -0.546274 2.1 -0.312404 21
18.9132 -0.711145 -0.570864 2.11 -0.266617 21.1
19.0618 -0.861684 -0.591435 2.12 -0.221151 21.2
19.2147 -1.00924 -0.607945 2.13 -0.176132 21.3
19.3724 -1.15313 -0.620365 2.14 -0.131585 21.4
19.5354 -1.29259 -0.628673 2.15 -0.0874537 21.5
19.704 -1.4268 -0.63284 2.16 -0.0436308 21.6
19.8786 -1.55484 -0.632837 2.17 3.18265e-05 21.7
20.0594 -1.6757 -0.628625 2.18 0.0436929 21.8
20.2467 -1.78824 -0.620156 2.19 0.0875161 21.9
20.4405 -1.89126 -0.60738 2.2 0.131646 22
20.6408 -1.98341 -0.590241 2.21 0.176195 22.1
20.8474 -2.06331 -0.568689 2.22 0.221214 22.2
21.0599 -2.12949 -0.542688 2.23 0.266681 22.3
21.2775 -2.18049 -0.51222 2.24 0.312469 22.4
21.4993 -2.21491 -0.477306 2.25 0.358317 22.5
21.7242 -2.23146 -0.438013 2.26 0.403814 22.6
21.9507 -2.22912 -0.39447 2.27 0.448375 22.7001
22.1771 -2.20713 -0.346879 2.28 0.491245 22.8001
22.4017 -2.16518 -0.295519 2.29 0.53151 22.9001
22.6228 -2.10339 -0.240756 2.3 0.568139 23.0001
22.8386 -2.02234 -0.183033 2.31 0.60005 23.1001
23.0477 -1.92308 -0.122865 2.32 0.626187 23.2001
23.2491 -1.807 -0.060824 2.33 0.645611 23.3001
23.4423 -1.67578 0.00246948 2.34 0.65758 23.4001
23.6269 -1.53125 0.0663666 2.35 0.66162 23.5001
23.8034 -1.37527 0.130202 2.36 0.657567 23.6001
23.9722 -1.20965 0.19331 2.37 0.645586 23.7001
24.1343 -1.0361 0.255039 2.38 0.62615 23.8001
24.2908 -0.856124 0.314766 2.39 0.600002 23.9001
24.4429 -0.671098 0.371915 2.4 0.568083 24.0001
24.5918 -0.482207 0.425971 2.41 0.531446 24.1001
24.7386 -0.290487 0.476492 2.42 0.491178 24.2001
24.8846 -0.0968512 0.523111 2.43 0.448305 24.3001
25.0308 0.0978838 0.565539 2.44 0.403741 24.4001
25.1782 0.292967 0.603563 2.45 0.358243 24.5001
25.3277 0.487684 0.637029 2.46 0.312395 24.6001
25.4802 0.68133 0.665834 2.47 0.266607 24.7001
25.6366 0.873183 0.689913 2.48 0.22114 24.8001
25.7976 1.06248 0.709225 2.49 0.176121 24.9001
25.964 1.2484 0.723744 2.5 0.131574 25.0001
26.1365 1.43004 0.733448 2.51 0.0874456 25.1001
26.3158 1.60639 0.738313 2.52 0.0436228 25.2001
26.5025 1.77633 0.738308 2.53 -3.91444e-05 25.3001
26.6973 1.93859 0.733396 2.54 -0.0437002 25.4001
26.9005 2.09177 0.723528 2.55 -0.0875235 25.5001
27.1126 2.23432 0.708651 2.56 -0.131654 25.6001
27.3336 2.36453 0.688706 2.57 -0.176201 25.7001
27.5634 2.48057 0.663644 2.58 -0.22122 25.8001
27.8018 2.58051 0.633425 2.59 -0.266688 25.9001
28.0481 2.66237 0.598038 2.6 -0.312477 26.0001
28.3011 2.72422 0.557512 2.61 -0.358325 26.1001
28.5595 2.76425 0.511931 2.62 -0.403821 26.2001
28.8215 2.78093 0.461452 2.63 -0.448382 26.3001
29.0849 2.77307 0.406312 2.64 -0.491251 26.4001
29.3473 2.74004 0.346843 2.65 -0.531515 26.5001
29.6064 2.68177 0.28347 2.66 -0.568144 26.6001
29.8596 2.5988 0.216712 2.67 -0.600054 26.7001
30.105 2.4923 0.147166 2.68 -0.626191 26.8001
30.3408 2.36394 0.0754978 2.69 -0.645614 26.9001
30.5659 2.21578 0.00242491 2.7 -0.657582 27.0001
30.7798 2.0501 -0.0713025 2.71 -0.66162 27.1001
30.9823 1.86928 -0.144917 2.72 -0.657566 27.2001
31.174 1.67561 -0.217652 2.73 -0.645583 27.3001
31.3558 1.47126 -0.288756 2.74 -0.626147 27.4001
31.5288 1.25817 -0.357517 2.75 -0.599998 27.5001
31.6945 1.03805 -0.423274 2.76 -0.568078 27.6001
31.8542 0.812384 -0.485438 2.77 -0.531441 27.7001
32.0096 0.582446 -0.543505 2.78 -0.491172 27.8001
32.162 0.349338 -0.597058 2.79 -0.448297 27.9001
32.3128 0.114028 -0.645772 2.8 -0.403733 28.0001
32.4634 -0.12261 -0.689405 2.81 -0.358236 28.1001
32.6151 -0.359756 -0.727787 2.82 -0.312388 28.2001
32.7691 -0.596611 -0.760807 2.83 -0.266601 28.3001
32.9265 -0.832363 -0.788394 2.84 -0.221134 28.4001
33.0886 -1.06616 -0.810509 2.85 -0.176114 28.5001
33.2565 -1.29706 -0.827126 2.86 -0.131568 28.6001
33.4313 -1.52406 -0.838226 2.87 -0.0874383 28.7001
33.6141 -1.74598 -0.843788 2.88 -0.0436155 28.8001
33.8059 -1.96153 -0.843782 2.89 4.81573e-05 28.9001
34.0076 -2.16922 -0.838169 2.9 0.0437093 29.0001
34.22 -2.36737 -0.826902 2.91 0.0875316 29.1001
34.4438 -2.55409 -0.809923 2.92 0.131663 29.2001
34.6795 -2.7273 -0.787173 2.93 0.176211 29.3001
34.9273 -2.88467 -0.758598 2.94 0.221231 29.4001
35.1869 -3.02377 -0.724161 2.95 0.266698 29.5001
35.4577 -3.14201 -0.683854 2.96 0.312485 29.6001
35.7386 -3.23683 -0.637716 2.97 0.358334 29.7001
36.028 -3.30578 -0.585847 2.98 0.403831 29.8001
36.3237 -3.34668 -0.52843 2.99 0.448392 29.9001
0 0 0 0 0 0
0.0005 0 0 0.01 0 0.1
0.002 0 1.94171e-05 0.02 0.000194171 0.2
0.0045 4.85429e-08 9.73793e-05 0.03 0.000973793 0.3
0.008 3.89371e-07 0.000273884 0.04 0.00273884 0.4
0.0125 1.62185e-06 0.000590339 0.05 0.00590339 0.5
0.018 4.86872e-06 0.00109002 0.06 0.0109002 0.6
0.0245 1.19539e-05 0.00181843 0.07 0.0181843 0.7
0.032 2.55921e-05 0.00282336 0.08 0.0282336 0.8
0.0404999 4.95906e-05 0.00415471 0.09 0.0415471 0.9
0.0499999 8.90602e-05 0.00586373 0.1 0.0586373 1
0.0604997 0.000150629 0.00800156 0.11 0.0800156 1.1
0.0719993 0.000242646 0.0106169 0.12 0.106169 1.2
0.0844986 0.000375354 0.0137524 0.13 0.137524 1.3
0.0979973 0.000561005 0.0174404 0.14 0.174404 1.4
0.112495 0.000813878 0.0216974 0.15 0.216974 1.5
0.127991 0.00115016 0.0265192 0.16 0.265192 1.6
0.144486 0.00158768 0.0318759 0.17 0.318759 1.7
0.161977 0.00214541 0.0377105 0.18 0.377105 1.8
0.180464 0.00284289 0.0439401 0.19 0.439401 1.9
0.199945 0.00369945 0.0504611 0.2 0.504611 2
0.220419 0.00473346 0.057157 0.21 0.57157 2.1
0.241884 0.00596167 0.0639074 0.22 0.639074 2.2
0.264338 0.0073986 0.0705971 0.23 0.705971 2.3
0.287779 0.00905626 0.077122 0.24 0.77122 2.4
0.312206 0.0109439 0.083393 0.25 0.83393 2.5
0.337618 0.0130679 0.0893369 0.26 0.893369 2.6
0.364012 0.0154322 0.0948952 0.27 0.948952 2.7
0.391388 0.0180379 0.100022 0.28 1.00022 2.8
0.419746 0.0208838 0.104682 0.29 1.04682 2.9
0.449084 0.0239663 0.108845 0.3 1.08845 3
0.479404 0.0272795 0.112487 0.31 1.12487 3.1
0.510705 0.0308154 0.115585 0.32 1.15585 3.2
0.542988 0.0345636 0.118117 0.33 1.18117 3.3
0.576255 0.0385113 0.120059 0.34 1.20059 3.4
0.610506 0.0426434 0.121384 0.35 1.21384 3.5
0.645745 0.0469419 0.122064 0.36 1.22063 3.6
0.681973 0.0513862 0.122064 0.37 1.22063 3.7
0.719194 0.0559522 0.121345 0.38 1.21345 3.8
0.757411 0.0606125 0.119864 0.39 1.19864 3.9
0.796628 0.0653358 0.117569 0.4 1.17569 4
0.836848 0.0700864 0.114405 0.41 1.14405 4.1
0.878077 0.0748238 0.110307 0.42 1.10307 4.2
0.920319 0.0795024 0.105208 0.43 1.05208 4.3
0.963578 0.0840705 0.0990353 0.44 0.990353 4.4
1.00786 0.0884704 0.0917129 0.45 0.917129 4.5
1.05317 0.0926375 0.0831678 0.46 0.831677 4.6
1.09951 0.0965003 0.0733338 0.47 0.733337 4.7
1.14688 0.0999806 0.0621593 0.48 0.621593 4.8
1.19529 0.102993 0.0496173 0.49 0.496173 4.9
1.24473 0.105448 0.0357164 0.5 0.357164 5
1.29519 0.107252 0.0205126 0.51 0.205125 5.1
1.34668 0.108308 0.00411859 0.52 0.0411858 5.2
1.39918 0.108524 -0.0132906 0.53 -0.132906 5.3
1.45268 0.107813 -0.0314808 0.54 -0.314808 5.4
1.50715 0.106098 -0.0501697 0.55 -0.501697 5.5
1.56258 0.103315 -0.0690463 0.56 -0.690463 5.6
1.61895 0.0994165 -0.0877946 0.57 -0.877946 5.7
1.67622 0.0943748 -0.106117 0.58 -1.06117 5.8
1.7344 0.0881786 -0.123754 0.59 -1.23754 5.9
1.79344 0.080834 -0.140492 0.6 -1.40492 6
1.85334 0.0723622 -0.156169 0.61 -1.56169 6.1
1.9141 0.0627968 -0.170672 0.62 -1.70672 6.2
1.97569 0.0521815 -0.183927 0.63 -1.83927 6.3
2.03812 0.0405679 -0.19589 0.64 -1.9589 6.4
2.10138 0.0280137 -0.206541 0.65 -2.06541 6.5
2.16549 0.0145813 -0.215872 0.66 -2.15872 6.6
2.23045 0.000337013 -0.223885 0.67 -2.23885 6.7
2.29626 -0.0146493 -0.23058 0.68 -2.3058 6.8
2.36295 -0.0303044 -0.23596 0.69 -2.3596 6.9
2.43052 -0.0465519 -0.24002 0.7 -2.4002 7
2.499 -0.0633113 -0.242748 0.71 -2.42748 7.1
2.56841 -0.0804978 -0.244127 0.72 -2.44127 7.2
2.63876 -0.0980218 -0.244127 0.73 -2.44127 7.3
2.71008 -0.115787 -0.24271 0.74 -2.4271 7.4
2.78239 -0.133692 -0.239825 0.75 -2.39825 7.5
2.85573 -0.151626 -0.235412 0.76 -2.35412 7.6
2.93012 -0.169469 -0.2294 0.77 -2.29399 7.7
3.00559 -0.187092 -0.221704 0.78 -2.21704 7.79999
3.08217 -0.204354 -0.212235 0.79 -2.12235 7.89999
3.15989 -0.2211 -0.200894 0.8 -2.00893 7.99999
3.23877 -0.237163 -0.18758 0.81 -1.8758 8.09999
3.31884 -0.252361 -0.172199 0.82 -1.72199 8.2
3.40012 -0.266498 -0.154668 0.83 -1.54668 8.3
3.48262 -0.279361 -0.134935 0.839999 -1.34935 8.4
3.56635 -0.290729 -0.112986 0.849999 -1.12986 8.5
3.65131 -0.300368 -0.0888723 0.859999 -0.888722 8.6
3.73747 -0.308046 -0.0627215 0.869999 -0.627214 8.7
3.82479 -0.31353 -0.0347552 0.879999 -0.347551 8.8
3.91324 -0.316605 -0.00529342 0.889999 -0.0529336 8.9
4.00274 -0.317079 0.0252524 0.899999 0.252524 9
4.09321 -0.314794 0.0564005 0.909999 0.564006 9.1
4.18457 -0.309636 0.0876326 0.919999 0.876327 9.2
4.27671 -0.30154 0.118433 0.929999 1.18433 9.3
4.36956 -0.290493 0.148328 0.939999 1.48328 9.4
4.46302 -0.276527 0.176911 0.949999 1.76911 9.5
4.55703 -0.25972 0.203862 0.959999 2.03862 9.6
4.65153 -0.240183 0.228946 0.969999 2.28946 9.7
4.74648 -0.218056 0.252007 0.979999 2.52007 9.8
4.84187 -0.193495 0.272958 0.989999 2.72958 9.9
4.93769 -0.166672 0.291757 0.999999 2.91757 10
5.03394 -0.137764 0.308398 1.01 3.08398 10.1
5.13065 -0.106956 0.322898 1.02 3.22898 10.2
5.22786 -0.0744309 0.33528 1.03 3.3528 10.3
5.32559 -0.0403759 0.345574 1.04 3.45574 10.4
5.42392 -0.00497796 0.353801 1.05 3.53801 10.5
5.52288 0.0315742 0.359978 1.06 3.59979 10.6
5.62255 0.0690892 0.36411 1.07 3.6411 10.7
5.72301 0.107372 0.366187 1.08 3.66188 10.8
5.82431 0.146221 0.366187 1.09 3.66187 10.9
5.92655 0.185428 0.36407 1.1 3.6407 11
6.02981 0.224775 0.359782 1.11 3.59782 11.1
6.13417 0.264031 0.353251 1.12 3.53251 11.2
6.23973 0.302951 0.34439 1.13 3.4439 11.3
6.34656 0.341271 0.333097 1.14 3.33097 11.4
6.45477 0.378709 0.319256 1.15 3.19257 11.5
6.56443 0.41496 0.302746 1.16 3.02746 11.6
6.67563 0.449693 0.283441 1.17 2.83441 11.7
6.78844 0.482554 0.261224 1.18 2.61224 11.8
6.90292 0.513158 0.235997 1.19 2.35997 11.9
7.01911 0.541098 0.207703 1.2 2.07703 12
7.13702 0.565947 0.176348 1.21 1.76348 12.1
7.25664 0.587262 0.142021 1.22 1.42021 12.2
7.3779 0.604601 0.104923 1.23 1.04923 12.3
7.50072 0.617535 0.0653838 1.24 0.653838 12.4
7.62496 0.62567 0.0238693 1.25 0.238693 12.5
7.75042 0.628665 -0.0190322 1.26 -0.190322 12.6
7.8769 0.626258 -0.0626396 1.27 -0.626396 12.7
8.00415 0.618276 -0.106227 1.28 -1.06227 12.8
8.13192 0.604652 -0.14908 1.29 -1.4908 12.9
8.25999 0.585417 -0.190547 1.3 -1.90547 13
8.38813 0.560701 -0.230076 1.31 -2.30076 13.1
8.51616 0.530712 -0.267239 1.32 -2.67239 13.2
8.64396 0.495723 -0.301729 1.33 -3.01729 13.3
8.77143 0.456051 -0.333349 1.34 -3.33349 13.4
8.89852 0.412041 -0.361995 1.35 -3.61995 13.5
9.02524 0.364055 -0.38763 1.36 -3.8763 13.6
9.15161 0.312459 -0.410262 1.37 -4.10262 13.7
9.2777 0.257617 -0.429929 1.38 -4.29929 13.8
9.4036 0.199889 -0.446681 1.39 -4.46681 13.9
9.52941 0.139629 -0.460572 1.4 -4.60572 14
9.65527 0.0771823 -0.471647 1.41 -4.71647 14.1
9.78132 0.0128913 -0.479942 1.42 -4.79942 14.2
9.90772 -0.0529049 -0.485476 1.43 -4.85476 14.3
10.0346 -0.119866 -0.488252 1.44 -4.88252 14.4
10.1623 -0.187649 -0.488251 1.45 -4.88251 14.5
10.2908 -0.2559 -0.485435 1.46 -4.85434 14.6
10.4203 -0.324256 -0.479742 1.47 -4.79742 14.7
10.5512 -0.392334 -0.471092 1.48 -4.71092 14.8
10.6835 -0.459733 -0.459382 1.49 -4.59382 14.9
10.8175 -0.52602 -0.444491 1.5 -4.4449 15
10.9534 -0.590735 -0.426279 1.51 -4.26279 15.1
11.0913 -0.653378 -0.4046 1.52 -4.046 15.2
11.2315 -0.71341 -0.379303 1.53 -3.79303 15.3
11.3741 -0.770246 -0.350248 1.54 -3.50248 15.4
11.5192 -0.82326 -0.317324 1.55 -3.17324 15.5
11.667 -0.87178 -0.280471 1.56 -2.80471 15.6
11.8173 -0.9151 -0.239708 1.57 -2.39708 15.7
11.9703 -0.952494 -0.195167 1.58 -1.95167 15.8
12.1258 -0.983232 -0.147121 1.59 -1.47121 15.9
12.2836 -1.00661 -0.0960094 1.6 -0.960094 16
12.4434 -1.022 -0.0424419 1.61 -0.424419 16.1
12.6047 -1.02885 0.0128154 1.62 0.128155 16.2
12.7672 -1.02677 0.068882 1.63 0.688821 16.3
12.9303 -1.01552 0.124825 1.64 1.24825 16.4
13.0935 -0.995035 0.17973 1.65 1.7973 16.5
13.2564 -0.96545 0.232768 1.66 2.32768 16.6
13.4184 -0.927043 0.283244 1.67 2.83244 16.7
13.5792 -0.880231 0.330618 1.68 3.30619 16.8
13.7386 -0.825531 0.374514 1.69 3.74514 16.9
13.8963 -0.763525 0.414692 1.7 4.14692 17
14.0524 -0.694829 0.451033 1.71 4.51033 17.1
14.2067 -0.620073 0.483503 1.72 4.83503 17.2
14.3595 -0.539881 0.512125 1.73 5.12125 17.3
14.5107 -0.454861 0.536959 1.74 5.36959 17.4
14.6606 -0.3656 0.558081 1.75 5.58081 17.5
14.8095 -0.272662 0.575568 1.76 5.75568 17.6
14.9576 -0.176591 0.58949 1.77 5.8949 17.7
15.1051 -0.0779125 0.599902 1.78 5.99902 17.8
15.2524 0.0228616 0.606839 1.79 6.06839 17.9
15.3999 0.125226 0.610313 1.8 6.10313 18
15.5478 0.228674 0.610311 1.81 6.10311 18.1
15.6965 0.332696 0.606794 1.82 6.06794 18.2
15.8465 0.436764 0.599698 1.83 5.99698 18.3
15.9979 0.54033 0.588929 1.84 5.88929 18.4
16.1514 0.642814 0.57437 1.85 5.7437 18.5
16.3071 0.743598 0.55588 1.86 5.5588 18.6
16.4655 0.842012 0.533297 1.87 5.33297 18.7
16.627 0.937332 0.506449 1.88 5.06449 18.8
16.7918 1.02877 0.475159 1.89 4.7516 18.9
16.9603 1.11546 0.439268 1.9 4.39268 19
17.1327 1.19648 0.398646 1.91 3.98646 19.1
17.3092 1.27081 0.353233 1.92 3.53233 19.2
17.4898 1.3374 0.303062 1.93 3.03063 19.3
17.6745 1.39515 0.248307 1.94 2.48308 19.4
17.8631 1.44295 0.189314 1.95 1.89314 19.5
18.0551 1.47974 0.12663 1.96 1.2663 19.6
18.25 1.50456 0.061009 1.97 0.610092 19.7
18.4471 1.5166 -0.00660421 1.98 -0.0660395 19.8
18.6456 1.51529 -0.0751301 1.99 -0.751298 19.9
18.8446 1.50032 -0.143428 2 -1.43428 20
19.043 1.47166 -0.210385 2.01 -2.10385 20.1
19.2401 1.42958 -0.274995 2.02 -2.74995 20.2
19.4349 1.37459 -0.336416 2.03 -3.36416 20.3
19.627 1.30741 -0.394003 2.04 -3.94003 20.4
19.8159 1.22891 -0.447303 2.05 -4.47303 20.5
20.0011 1.14002 -0.49604 2.06 -4.9604 20.6
20.1828 1.04174 -0.540076 2.07 -5.40076 20.7
20.3607 0.935042 -0.57938 2.08 -5.7938 20.8
20.5352 0.820887 -0.613992 2.09 -6.13992 20.9
20.7064 0.700187 -0.643994 2.1 -6.43993 21
20.8748 0.573804 -0.669485 2.11 -6.69485 21.1
21.0406 0.442551 -0.690569 2.12 -6.90568 21.2
21.2044 0.307194 -0.707338 2.13 -7.07338 21.3
21.3667 0.168459 -0.719867 2.14 -7.19867 21.4
21.528 0.0270425 -0.728206 2.15 -7.28206 21.5
21.6888 -0.116379 -0.732378 2.16 -7.32378 21.6
21.8498 -0.26114 -0.732375 2.17 -7.32374 21.7
22.0116 -0.406568 -0.728158 2.18 -7.28158 21.8
22.1746 -0.551979 -0.719657 2.19 -7.19657 21.9
22.3397 -0.696657 -0.706769 2.2 -7.06769 22
22.5074 -0.839846 -0.68936 2.21 -6.8936 22.1
22.6783 -0.980729 -0.667271 2.22 -6.67271 22.2
22.8531 -1.11842 -0.640316 2.23 -6.40316 22.3
23.0323 -1.25195 -0.608298 2.24 -6.08298 22.4
23.2165 -1.38025 -0.571016 2.25 -5.71016 22.5
23.4063 -1.50213 -0.528287 2.26 -5.28287 22.6
23.6019 -1.6163 -0.479968 2.27 -4.79968 22.7001
23.8037 -1.72134 -0.425993 2.28 -4.25993 22.8001
24.0118 -1.81577 -0.366415 2.29 -3.66415 22.9001
24.226 -1.89799 -0.301446 2.3 -3.01445 23.0001
24.4461 -1.96642 -0.231504 2.31 -2.31504 23.1001
24.6715 -2.01954 -0.157246 2.32 -1.57246 23.2001
24.9011 -2.05595 -0.0795725 2.33 -0.795723 23.3001
25.1339 -2.07451 0.000396684 2.34 0.00396931 23.4001
25.3684 -2.07442 0.0813818 2.35 0.813821 23.5001
25.6031 -2.05527 0.162035 2.36 1.62035 23.6001
25.8365 -2.01712 0.241044 2.37 2.41044 23.7001
26.0671 -1.96042 0.317225 2.38 3.17225 23.8001
26.2937 -1.88603 0.389592 2.39 3.89592 23.9001
26.5153 -1.79506 0.45739 2.4 4.5739 24.0001
26.731 -1.68886 0.520095 2.41 5.20095 24.1001
26.9406 -1.56884 0.577389 2.42 5.77389 24.2001
27.1438 -1.43647 0.629119 2.43 6.29119 24.3001
27.3407 -1.29319 0.675258 2.44 6.75258 24.4001
27.5315 -1.14036 0.715859 2.45 7.15859 24.5001
27.7168 -0.979242 0.751027 2.46 7.51027 24.6001
27.8969 -0.811033 0.780887 2.47 7.80887 24.7001
28.0727 -0.636815 0.805567 2.48 8.05567 24.8001
28.2449 -0.457592 0.825182 2.49 8.25183 24.9001
28.4141 -0.274291 0.839828 2.5 8.39828 25.0001
28.5814 -0.087787 0.849569 2.51 8.49569 25.1001
28.7474 0.101088 0.854438 2.52 8.54439 25.2001
28.9132 0.291524 0.854434 2.53 8.54434 25.3001
29.0797 0.482714 0.849517 2.54 8.49517 25.4001
29.2478 0.673833 0.839611 2.55 8.39612 25.5001
29.4184 0.864023 0.824604 2.56 8.24604 25.6001
29.5925 1.05237 0.804346 2.57 8.04346 25.7001
29.7711 1.23786 0.778657 2.58 7.78658 25.8001
29.9551 1.41941 0.747331 2.59 7.47331 25.9001
30.1454 1.59579 0.710143 2.6 7.10143 26.0001
30.343 1.76562 0.666869 2.61 6.66869 26.1001
30.5485 1.92737 0.617301 2.62 6.17301 26.2001
30.7625 2.07931 0.561284 2.63 5.61285 26.3001
30.9856 2.21957 0.498749 2.64 4.98749 26.4001
31.2179 2.34608 0.429763 2.65 4.29763 26.5001
31.4592 2.4567 0.354579 2.66 3.54579 26.6001
31.7091 2.54923 0.273689 2.67 2.7369 26.7001
31.9667 2.62153 0.187858 2.68 1.87858 26.8001
32.2305 2.67168 0.0981312 2.69 0.981313 26.9001
32.4987 2.69808 0.00580607 2.7 0.058062 27.0001
32.7692 2.69965 -0.0876383 2.71 -0.876382 27.1001
33.0396 2.67589 -0.180647 2.72 -1.80647 27.2001
33.3077 2.62693 -0.271707 2.73 -2.71707 27.3001
33.5711 2.55353 -0.359459 2.74 -3.59459 27.4001
33.8281 2.45697 -0.442771 2.75 -4.42771 27.5001
34.077 2.33893 -0.520781 2.76 -5.20781 27.6001
34.3169 2.20136 -0.592891 2.77 -5.92891 27.7001
34.547 2.0463 -0.658742 2.78 -6.58742 27.8001
34.7672 1.87583 -0.718167 2.79 -7.18167 27.9001
34.9777 1.69191 -0.77114 2.8 -7.7114 28.0001
35.1789 1.49642 -0.817731 2.81 -8.17731 28.1001
35.3714 1.29104 -0.858065 2.82 -8.58065 28.2001
35.5561 1.0773 -0.892294 2.83 -8.92294 28.3001
35.734 0.856595 -0.92057 2.84 -9.2057 28.4001
35.9063 0.630148 -0.943032 2.85 -9.43032 28.5001
36.0739 0.399081 -0.959794 2.86 -9.59794 28.6001
36.2383 0.164416 -0.970937 2.87 -9.70937 28.7001
36.4006 -0.0728903 -0.976504 2.88 -9.76504 28.8001
36.5621 -0.311925 -0.976498 2.89 -9.76498 28.9001
36.7242 -0.551788 -0.97088 2.9 -9.7088 29.0001
36.8882 -0.791561 -0.959569 2.91 -9.59569 29.1001
37.0555 -1.03028 -0.942442 2.92 -9.42441 29.2001
37.2275 -1.26691 -0.919334 2.93 -9.19334 29.3001
37.4054 -1.50031 -0.890045 2.94 -8.90045 29.4001
37.5908 -1.72916 -0.854346 2.95 -8.54346 29.5001
37.7848 -1.95201 -0.811988 2.96 -8.11988 29.6001
37.9888 -2.16717 -0.762721 2.97 -7.6272 29.7001
38.2039 -2.37271 -0.706315 2.98 -7.06315 29.8001
38.431 -2.56644 -0.642599 2.99 -6.42599 29.9001
