0.0498068 0.00439114 0.00195162
0.0996049 0.00887948 0.00390324
0.149394 0.013465 0.00585486
0.199174 0.0181477 0.00780648
0.248945 0.0229275 0.0097581
0.298707 0.0278044 0.0117097
0.348459 0.0327785 0.0136613
0.398201 0.0378496 0.015613
0.447933 0.0430178 0.0175646
0.497655 0.0482831 0.0195162
0.547367 0.0536454 0.0214678
0.597068 0.0591047 0.0234194
0.646758 0.064661 0.0253711
0.696438 0.0703142 0.0273227
0.746106 0.0760644 0.0292743
0.795763 0.0819115 0.0312259
0.845408 0.0878555 0.0331775
0.895042 0.0938964 0.0351292
0.944664 0.100034 0.0370808
0.994274 0.106269 0.0390324
1.04387 0.1126 0.040984
1.09346 0.119028 0.0429356
1.14303 0.125553 0.0448873
1.19259 0.132175 0.0468389
1.24214 0.138893 0.0487905
1.29167 0.145708 0.0507421
1.34119 0.15262 0.0526937
1.39069 0.159628 0.0546454
1.44019 0.166733 0.056597
1.48967 0.173935 0.0585486
1.53913 0.181233 0.0605002
1.58858 0.188627 0.0624518
1.63802 0.196119 0.0644035
1.68744 0.203706 0.0663551
1.73684 0.21139 0.0683067
1.78623 0.21917 0.0702583
1.83561 0.227047 0.0722099
1.88497 0.23502 0.0741616
1.93431 0.24309 0.0761132
1.98364 0.251256 0.0780648
2.03296 0.259518 0.0800164
2.08225 0.267876 0.081968
2.13153 0.27633 0.0839197
2.1808 0.284881 0.0858713
2.23004 0.293527 0.0878229
2.27927 0.30227 0.0897745
2.32848 0.311109 0.0917261
2.37768 0.320044 0.0936778
2.42686 0.329075 0.0956294
2.47602 0.338201 0.097581
2.52516 0.347424 0.0995326
