0.05 0 0.00195919
0.0999999 9.79594e-05 0.00391838
0.15 0.000293878 0.00587757
0.199999 0.000587755 0.00783676
0.249997 0.000979588 0.00979595
0.299995 0.00146938 0.0117551
0.349991 0.00205712 0.0137143
0.399987 0.00274282 0.0156735
0.44998 0.00352646 0.0176327
0.499973 0.00440805 0.0195919
0.549963 0.00538758 0.0215511
0.599951 0.00646505 0.0235103
0.649938 0.00764046 0.0254695
0.699921 0.00891379 0.0274287
0.749903 0.0102851 0.0293878
0.799881 0.0117542 0.031347
0.849856 0.0133213 0.0333062
0.899829 0.0149863 0.0352654
0.949798 0.0167492 0.0372246
0.999763 0.01861 0.0391838
1.04972 0.0205687 0.041143
1.09968 0.0226253 0.0431022
1.14964 0.0247797 0.0450614
1.19959 0.027032 0.0470206
1.24953 0.0293822 0.0489797
1.29947 0.0318302 0.0509389
1.34941 0.0343761 0.0528981
1.39934 0.0370197 0.0548573
1.44926 0.0397612 0.0568165
1.49918 0.0426005 0.0587757
1.54909 0.0455376 0.0607349
1.599 0.0485725 0.0626941
1.6489 0.0517051 0.0646533
1.6988 0.0549355 0.0666124
1.74869 0.0582637 0.0685716
1.79857 0.0616896 0.0705308
1.84845 0.0652132 0.07249
1.89831 0.0688345 0.0744492
1.94818 0.0725536 0.0764084
1.99803 0.0763703 0.0783676
2.04788 0.0802846 0.0803268
2.09772 0.0842967 0.082286
2.14755 0.0884063 0.0842452
2.19737 0.0926136 0.0862043
2.24718 0.0969185 0.0881635
2.29699 0.101321 0.0901227
2.34679 0.105821 0.0920819
2.39657 0.110419 0.0940411
2.44635 0.115114 0.0960003
2.49612 0.119906 0.0979595
2.54588 0.124796 0.0999187
