0 0 0 0 0 0
0.00144115 0.000416025 0 0.03 0.281035 0.1
0.00576461 0.0016641 0.0003698 0.06 0.281035 0.2
0.0129696 0.00374689 0.0011094 0.09 0.281035 0.3
0.0230544 0.00667026 0.0022188 0.12 0.281035 0.4
0.0360165 0.0104433 0.003698 0.15 0.281035 0.5
0.0518521 0.0150781 0.00554701 0.18 0.281035 0.6
0.0705569 0.0205903 0.00776581 0.21 0.281035 0.7
0.092125 0.0269984 0.0103544 0.24 0.281035 0.8
0.11655 0.0343241 0.0133128 0.27 0.281035 0.9
0.143824 0.0425924 0.016641 0.3 0.281035 1
0.173939 0.0518313 0.020339 0.33 0.281035 1.1
0.206884 0.062072 0.0244068 0.36 0.281035 1.2
0.242648 0.0733488 0.0288444 0.39 0.281035 1.3
0.281219 0.0856991 0.0336518 0.42 0.281035 1.4
0.322583 0.0991631 0.038829 0.45 0.281035 1.5
0.366725 0.113784 0.044376 0.48 0.281035 1.6
0.413627 0.12961 0.0502928 0.51 0.281035 1.7
0.463271 0.146688 0.0565795 0.54 0.281035 1.8
0.515638 0.165071 0.0632359 0.57 0.281035 1.9
0.570706 0.184816 0.0702621 0.6 0.281035 2
0.62845 0.205979 0.0776581 0.63 0.281035 2.1
0.688845 0.228622 0.0854239 0.66 0.281035 2.2
0.751863 0.252808 0.0935595 0.69 0.281035 2.3
0.817474 0.278603 0.102065 0.72 0.281035 2.4
0.885646 0.306077 0.11094 0.75 0.281035 2.5
0.956344 0.335302 0.120185 0.78 0.281035 2.6
1.02953 0.36635 0.1298 0.81 0.281035 2.7
1.10517 0.399298 0.139785 0.84 0.281035 2.8
1.18321 0.434225 0.150139 0.87 0.281035 2.9
1.26361 0.471213 0.160863 0.9 0.281035 3
1.34632 0.510343 0.171957 0.93 0.281035 3.1
1.43129 0.551702 0.183421 0.96 0.281035 3.2
1.51846 0.595376 0.195255 0.99 0.281035 3.3
1.60777 0.641454 0.207458 1.02 0.281035 3.4
1.69917 0.690026 0.220031 1.05 0.281035 3.5
1.79257 0.741184 0.232974 1.08 0.281035 3.6
1.88792 0.795022 0.246287 1.11 0.281035 3.7
1.98514 0.851635 0.25997 1.14 0.281035 3.8
2.08415 0.911117 0.274022 1.17 0.281035 3.9
2.18486 0.973565 0.288444 1.2 0.281035 4
2.28718 1.03908 0.303236 1.23 0.281035 4.1
2.39103 1.10775 0.318398 1.26 0.281035 4.2
2.4963 1.17968 0.33393 1.29 0.281035 4.3
2.60289 1.25497 0.349831 1.32 0.281035 4.4
2.7107 1.33372 0.366102 1.35 0.281035 4.5
2.8196 1.41601 0.382743 1.38 0.281035 4.6
2.92948 1.50196 0.399754 1.41 0.281035 4.7
3.04021 1.59165 0.417135 1.44 0.281035 4.8
3.15167 1.68518 0.434885 1.47 0.281035 4.9
3.26371 1.78264 0.453005 1.5 0.281035 5
3.37619 1.88413 0.471495 1.53 0.281035 5.1
3.48897 1.98973 0.490355 1.56 0.281035 5.2
3.60189 2.09952 0.509585 1.59 0.281035 5.3
3.71479 2.2136 0.529184 1.62 0.281035 5.4
3.82749 2.33205 0.549153 1.65 0.281035 5.5
3.93984 2.45494 0.569492 1.68 0.281035 5.6
4.05164 2.58234 0.590201 1.71 0.281035 5.7
4.16271 2.71432 0.61128 1.74 0.281035 5.8
4.27285 2.85095 0.632728 1.77 0.281035 5.9
4.38187 2.99229 0.654546 1.8 0.281035 6
4.48957 3.13839 0.676734 1.83 0.281035 6.1
4.59572 3.28929 0.699292 1.86 0.281035 6.2
4.70011 3.44504 0.72222 1.89 0.281035 6.3
4.80251 3.60568 0.745517 1.92 0.281035 6.4
4.9027 3.77122 0.769184 1.95 0.281035 6.5
5.00044 3.94169 0.793221 1.98 0.281035 6.6
5.09548 4.1171 0.817628 2.01 0.281035 6.7
5.18757 4.29745 0.842405 2.04 0.281035 6.8
5.27647 4.48272 0.867551 2.07 0.281035 6.9
5.36191 4.67291 0.893067 2.1 0.281035 7
5.44362 4.86799 0.918953 2.13 0.281035 7.1
5.52135 5.06791 0.945209 2.16 0.281035 7.2
5.59482 5.27263 0.971835 2.19 0.281035 7.3
5.66375 5.48208 0.99883 2.22 0.281035 7.4
5.72786 5.69619 1.0262 2.25 0.281035 7.5
5.78686 5.91486 1.05393 2.28 0.281035 7.6
5.84049 6.13801 1.08204 2.31 0.281035 7.7
5.88844 6.36551 1.11051 2.34 0.281035 7.79999
5.93042 6.59724 1.13935 2.37 0.281035 7.89999
5.96616 6.83305 1.16857 2.4 0.281035 7.99999
5.99536 7.07277 1.19815 2.43 0.281035 8.09999
6.01772 7.31625 1.22811 2.46 0.281035 8.2
6.03297 7.56328 1.25843 2.49 0.281035 8.3
6.04082 7.81366 1.28912 2.52 0.281035 8.4
6.04098 8.06716 1.32019 2.55 0.281035 8.5
6.03318 8.32354 1.35162 2.58 0.281035 8.6
6.01714 8.58254 1.38342 2.61 0.281035 8.7
5.99259 8.84389 1.41559 2.64 0.281035 8.8
5.95927 9.10729 1.44814 2.67 0.281035 8.9
5.91692 9.37243 1.48105 2.7 0.281035 9
5.8653 9.63898 1.51433 2.73 0.281035 9.1
5.80418 9.90659 1.54798 2.76 0.281035 9.2
5.73331 10.1749 1.582 2.79 0.281035 9.3
5.6525 10.4435 1.6164 2.82 0.281035 9.4
5.56154 10.712 1.65116 2.85 0.281035 9.5
5.46024 10.98 1.68629 2.88 0.281035 9.6
5.34843 11.247 1.72179 2.91 0.281035 9.7
5.22595 11.5127 1.75766 2.94 0.281035 9.8
5.09268 11.7764 1.7939 2.97 0.281035 9.9
4.94849 12.0378 1.83051 3 0.281035 10
4.79328 12.2962 1.86749 3.03 0.281035 10.1
4.62699 12.5513 1.90484 3.06 0.281035 10.2
4.44955 12.8025 1.94256 3.09 0.281035 10.3
4.26095 13.0491 1.98065 3.12 0.281035 10.4
4.06118 13.2907 2.01911 3.15 0.281035 10.5
3.85027 13.5267 2.05794 3.18 0.281035 10.6
3.62828 13.7565 2.09714 3.21 0.281035 10.7
3.39528 13.9795 2.13671 3.24 0.281035 10.8
3.15139 14.195 2.17664 3.27 0.281035 10.9
2.89677 14.4026 2.21695 3.3 0.281035 11
2.63159 14.6015 2.25763 3.33 0.281035 11.1
2.35607 14.7912 2.29868 3.36 0.281035 11.2
2.07046 14.971 2.3401 3.39 0.281035 11.3
1.77505 15.1403 2.38188 3.42 0.281035 11.4
1.47016 15.2986 2.42404 3.45 0.281035 11.5
1.15615 15.4451 2.46657 3.48 0.281035 11.6
0.833425 15.5792 2.50946 3.51 0.281035 11.7
0.502428 15.7005 2.55273 3.54 0.281035 11.8
0.163639 15.8082 2.59637 3.57 0.281035 11.9
-0.182422 15.9018 2.64037 3.6 0.281035 12
-0.535194 15.9807 2.68475 3.63 0.281035 12.1
-0.894075 16.0445 2.72949 3.66 0.281035 12.2
-1.25842 16.0925 2.77461 3.69 0.281035 12.3
-1.62756 16.1243 2.8201 3.72 0.281035 12.4
-2.00075 16.1394 2.86595 3.75 0.281035 12.5
-2.37724 16.1374 2.91218 3.78 0.281035 12.6
-2.75624 16.1178 2.95877 3.81 0.281035 12.7
-3.13689 16.0803 3.00574 3.84 0.281035 12.8
-3.51834 16.0245 3.05307 3.87 0.281035 12.9
-3.89966 15.9502 3.10077 3.9 0.281035 13
-4.27992 15.8571 3.14885 3.93 0.281035 13.1
-4.65814 15.7449 3.19729 3.96 0.281035 13.2
-5.03331 15.6136 3.24611 3.99 0.281035 13.3
-5.40441 15.463 3.29529 4.02 0.281035 13.4
-5.77038 15.293 3.34484 4.05 0.281035 13.5
-6.13014 15.1038 3.39476 4.08 0.281035 13.6
-6.48258 14.8953 3.44506 4.11 0.281035 13.7
-6.8266 14.6677 3.49572 4.14 0.281035 13.8
-7.16107 14.4211 3.54675 4.17 0.281035 13.9
-7.48485 14.156 3.59815 4.2 0.281035 14
-7.79679 13.8725 3.64993 4.23 0.281035 14.1
-8.09577 13.5712 3.70207 4.26 0.281035 14.2
-8.38062 13.2524 3.75458 4.29 0.281035 14.3
-8.65024 12.9168 3.80746 4.32 0.281035 14.4
-8.90349 12.5649 3.86071 4.35 0.281035 14.5
-9.13927 12.1976 3.91433 4.38 0.281035 14.6
-9.35651 11.8155 3.96832 4.41 0.281035 14.7
-9.55416 11.4196 4.02269 4.44 0.281035 14.8
-9.7312 11.0108 4.07742 4.47 0.281035 14.9
-9.88665 10.5901 4.13252 4.5 0.281035 15
-10.0196 10.1586 4.18799 4.53 0.281035 15.1
-10.1291 9.71753 4.24383 4.56 0.281035 15.2
-10.2144 9.26805 4.30004 4.59 0.281035 15.3
-10.2747 8.81151 4.35662 4.62 0.281035 15.4
-10.3093 8.34931 4.41356 4.65 0.281035 15.5
-10.3176 7.88288 4.47088 4.68 0.281035 15.6
-10.299 7.41375 4.52857 4.71 0.281035 15.7
-10.2532 6.94348 4.58663 4.74 0.281035 15.8
-10.1796 6.4737 4.64506 4.77 0.281035 15.9
-10.0782 6.00608 4.70386 4.8 0.281035 16
-9.94856 5.54235 4.76303 4.83 0.281035 16.1
-9.7908 5.08426 4.82256 4.86 0.281035 16.2
-9.60491 4.63359 4.88247 4.89 0.281035 16.3
-9.39106 4.19216 4.94275 4.92 0.281035 16.4
-9.14955 3.76179 5.0034 4.95 0.281035 16.5
-8.88077 3.34434 5.06441 4.98 0.281035 16.6
-8.58526 2.94163 5.1258 5.01 0.281035 16.7
-8.26368 2.5555 5.18756 5.04 0.281035 16.8
-7.91682 2.18778 5.24968 5.07 0.281035 16.9
-7.54561 1.84025 5.31218 5.1 0.281035 17
-7.15111 1.51467 5.37505 5.13 0.281035 17.1
-6.7345 1.21276 5.43828 5.16 0.281035 17.2
-6.29711 0.936178 5.50189 5.19 0.281035 17.3
-5.8404 0.686517 5.56586 5.22001 0.281035 17.4
-5.36593 0.465297 5.63021 5.25001 0.281035 17.5
-4.87543 0.273954 5.69492 5.28001 0.281035 17.6
-4.37073 0.113824 5.76001 5.31001 0.281035 17.7
-3.85376 -0.0138605 5.82546 5.34001 0.281035 17.8
-3.3266 -0.107985 5.89129 5.37001 0.281035 17.9
-2.7914 -0.167562 5.95748 5.40001 0.281035 18
-2.25044 -0.191742 6.02405 5.43001 0.281035 18.1
-1.70607 -0.179821 6.09098 5.46001 0.281035 18.2
-1.16073 -0.13125 6.15828 5.49001 0.281035 18.3
-0.616926 -0.045647 6.22596 5.52001 0.281035 18.4
-0.07723 0.077199 6.294 5.55001 0.281035 18.5
0.455738 0.237318 6.36241 5.58001 0.281035 18.6
0.979321 0.434554 6.4312 5.61001 0.281035 18.7
1.49084 0.668557 6.50035 5.64001 0.281035 18.8
1.9876 0.938779 6.56987 5.67001 0.281035 18.9
2.46692 1.24447 6.63976 5.70001 0.281035 19
2.92613 1.58467 6.71003 5.73001 0.281035 19.1
3.3626 1.95822 6.78066 5.76001 0.281035 19.2
3.77376 2.36376 6.85166 5.79001 0.281035 19.3
4.1571 2.79969 6.92303 5.82001 0.281035 19.4
4.51018 3.26423 6.99477 5.85001 0.281035 19.5
4.8307 3.75541 7.06688 5.88001 0.281035 19.6
5.11646 4.27102 7.13937 5.91001 0.281035 19.7
5.36538 4.80869 7.21222 5.94001 0.281035 19.8
5.57557 5.36587 7.28544 5.97001 0.281035 19.9
0 0 0 0 0 0
0.0015 0 0 0.03 0 0.1
0.006 0 0.0003849 0.06 0.003849 0.2
0.0135 2.88675e-06 0.0011547 0.09 0.011547 0.3
0.024 1.50111e-05 0.0023094 0.12 0.023094 0.4
0.0375 4.6188e-05 0.003849 0.15 0.03849 0.5
0.0539998 0.000109696 0.00577351 0.18 0.0577351 0.6
0.0734995 0.000222279 0.00808291 0.21 0.0808291 0.7
0.0959988 0.000404143 0.0107772 0.24 0.107772 0.8
0.121497 0.000678956 0.0138564 0.27 0.138564 0.9
0.149995 0.00107385 0.0173205 0.3 0.173205 1
0.18149 0.00161942 0.0211695 0.33 0.211695 1.1
0.215982 0.00234971 0.0254034 0.36 0.254034 1.2
0.25347 0.00330224 0.0300222 0.39 0.300222 1.3
0.293952 0.00451796 0.0350259 0.42 0.350259 1.4
0.337425 0.00604128 0.0404145 0.45 0.404145 1.5
0.383887 0.00792004 0.0461881 0.48 0.461881 1.6
0.433334 0.0102055 0.0523465 0.51 0.523465 1.7
0.485762 0.0129525 0.0588898 0.54 0.588898 1.8
0.541166 0.016219 0.065818 0.57 0.65818 1.9
0.59954 0.0200665 0.0731311 0.6 0.731311 2
0.660875 0.0245601 0.0808291 0.63 0.808291 2.1
0.725165 0.0297679 0.088912 0.66 0.88912 2.2
0.792398 0.0357615 0.0973798 0.69 0.973798 2.3
0.862564 0.042616 0.106233 0.72 1.06233 2.4
0.93565 0.0504094 0.11547 0.75 1.1547 2.5
1.01164 0.0592232 0.125093 0.78 1.25093 2.6
1.09052 0.0691422 0.1351 0.81 1.351 2.7
1.17227 0.080254 0.145492 0.84 1.45492 2.8
1.25686 0.0926498 0.15627 0.87 1.5627 2.9
1.34429 0.106423 0.167432 0.9 1.67432 3
1.43451 0.121672 0.178979 0.93 1.78979 3.1
1.5275 0.138495 0.190911 0.96 1.90911 3.2
1.62322 0.156996 0.203227 0.99 2.03227 3.3
1.72166 0.17728 0.215929 1.02 2.15929 3.4
1.82275 0.199456 0.229016 1.05 2.29016 3.5
1.92647 0.223633 0.242487 1.08 2.42487 3.6
2.03277 0.249926 0.256344 1.11 2.56344 3.7
2.14159 0.27845 0.270585 1.14 2.70585 3.8
2.25289 0.309322 0.285211 1.17 2.85211 3.9
2.3666 0.342664 0.300222 1.2 3.00222 4
2.48267 0.378595 0.315618 1.23 3.15618 4.1
2.60102 0.41724 0.331399 1.26 3.31399 4.2
2.72158 0.458724 0.347565 1.29 3.47565 4.3
2.84428 0.503174 0.364116 1.32 3.64116 4.4
2.96902 0.550716 0.381051 1.35 3.81051 4.5
3.09573 0.60148 0.398372 1.38 3.98372 4.6
3.22431 0.655595 0.416077 1.41 4.16077 4.7
3.35465 0.71319 0.434168 1.44 4.34167 4.8
3.48665 0.774395 0.452643 1.47 4.52643 4.9
3.6202 0.839341 0.471503 1.5 4.71503 5
3.75517 0.908156 0.490748 1.53 4.90748 5.1
3.89143 0.980969 0.510378 1.56 5.10378 5.2
4.02886 1.05791 0.530393 1.59 5.30392 5.3
4.16731 1.1391 0.550792 1.62 5.50792 5.4
4.30663 1.22467 0.571577 1.65 5.71577 5.5
4.44666 1.31474 0.592746 1.68 5.92746 5.6
4.58725 1.40943 0.614301 1.71 6.14301 5.7
4.72821 1.50886 0.63624 1.74 6.3624 5.8
4.86937 1.61313 0.658564 1.77 6.58564 5.9
5.01054 1.72237 0.681273 1.8 6.81273 6
5.15153 1.83668 0.704367 1.83 7.04367 6.1
5.29212 1.95615 0.727846 1.86 7.27846 6.2
5.43211 2.08089 0.75171 1.89 7.5171 6.3
5.57127 2.21098 0.775959 1.92 7.75959 6.4
5.70938 2.34651 0.800592 1.95 8.00592 6.5
5.8462 2.48755 0.825611 1.98 8.25611 6.6
5.98149 2.63417 0.851014 2.01 8.51014 6.7
6.11498 2.78644 0.876803 2.04 8.76803 6.8
6.24642 2.94441 0.902976 2.07 9.02976 6.9
6.37554 3.10812 0.929534 2.1 9.29534 7
6.50206 3.2776 0.956477 2.13 9.56477 7.1
6.6257 3.45288 0.983805 2.16 9.83805 7.2
6.74616 3.63398 1.01152 2.19 10.1152 7.3
6.86315 3.82088 1.03962 2.22 10.3962 7.4
6.97637 4.01358 1.0681 2.25 10.681 7.5
7.08549 4.21206 1.09697 2.28 10.9697 7.6
7.19021 4.41628 1.12622 2.31 11.2622 7.7
7.29021 4.62618 1.15586 2.34 11.5586 7.79999
7.38514 4.84169 1.18588 2.37 11.8588 7.89999
7.4747 5.06274 1.21628 2.4 12.1628 7.99999
7.55853 5.28922 1.24708 2.43 12.4708 8.09999
7.6363 5.52102 1.27825 2.46 12.7825 8.2
7.70768 5.75801 1.30982 2.49 13.0982 8.3
7.77232 6.00002 1.34176 2.52 13.4176 8.4
7.82987 6.2469 1.37409 2.55 13.7409 8.5
7.88 6.49846 1.40681 2.58 14.0681 8.6
7.92236 6.75448 1.43991 2.61 14.3991 8.7
7.95662 7.01473 1.4734 2.64 14.734 8.8
7.98244 7.27897 1.50727 2.67 15.0727 8.9
7.99949 7.54693 1.54153 2.7 15.4153 9
8.00743 7.81831 1.57617 2.73 15.7617 9.1
8.00596 8.09281 1.61119 2.76 16.1119 9.2
7.99475 8.37008 1.6466 2.79 16.466 9.3
7.97351 8.64978 1.6824 2.82 16.824 9.4
7.94193 8.93151 1.71858 2.85 17.1858 9.5
7.89975 9.21489 1.75514 2.88 17.5515 9.6
7.84668 9.49949 1.7921 2.91 17.921 9.7
7.78248 9.78485 1.82943 2.94 18.2943 9.8
7.7069 10.0705 1.86715 2.97 18.6715 9.9
7.61973 10.356 1.90526 3 19.0526 10
7.52076 10.6408 1.94375 3.03 19.4375 10.1
7.40981 10.9244 1.98262 3.06 19.8262 10.2
7.28672 11.2062 2.02188 3.09 20.2188 10.3
7.15136 11.4856 2.06153 3.12 20.6153 10.4
7.00362 11.7621 2.10155 3.15 21.0156 10.5
6.84341 12.0351 2.14197 3.18 21.4197 10.6
6.67068 12.3038 2.18277 3.21 21.8277 10.7
6.48541 12.5678 2.22395 3.24 22.2395 10.8
6.28761 12.8263 2.26552 3.27 22.6552 10.9
6.07731 13.0787 2.30748 3.3 23.0748 11
5.8546 13.3242 2.34982 3.33 23.4982 11.1
5.61958 13.5623 2.39254 3.36 23.9254 11.2
5.37242 13.7921 2.43565 3.39 24.3565 11.3
5.1133 14.013 2.47914 3.42 24.7914 11.4
4.84246 14.2242 2.52302 3.45 25.2302 11.5
4.56016 14.4252 2.56728 3.48 25.6728 11.6
4.26673 14.615 2.61193 3.51 26.1193 11.7
3.96253 14.7931 2.65697 3.54 26.5697 11.8
3.64797 14.9588 2.70238 3.57 27.0238 11.9
3.3235 15.1112 2.74819 3.6 27.4819 12
2.98961 15.2498 2.79438 3.63 27.9437 12.1
2.64686 15.3738 2.84095 3.66 28.4095 12.2
2.29585 15.4826 2.88791 3.69 28.8791 12.3
1.93721 15.5756 2.93525 3.72 29.3525 12.4
1.57163 15.6521 2.98298 3.75 29.8298 12.5
1.19986 15.7116 3.03109 3.78 30.3109 12.6
0.822671 15.7535 3.07959 3.81 30.7959 12.7
0.440907 15.7772 3.12847 3.84 31.2847 12.8
0.0554401 15.7822 3.17774 3.87 31.7774 12.9
-0.332806 15.7682 3.22739 3.9 32.2739 13
-0.722866 15.7346 3.27742 3.93 32.7742 13.1
-1.11373 15.6812 3.32785 3.96 33.2785 13.2
-1.50436 15.6076 3.37865 3.99 33.7865 13.3
-1.89366 15.5136 3.42985 4.02 34.2984 13.4
-2.28051 15.3989 3.48142 4.05 34.8142 13.5
-2.66376 15.2634 3.53338 4.08 35.3338 13.6
-3.04223 15.107 3.58573 4.11 35.8573 13.7
-3.41471 14.9297 3.63846 4.14 36.3846 13.8
-3.77997 14.7317 3.69158 4.17 36.9158 13.9
-4.13675 14.513 3.74508 4.2 37.4508 14
-4.4838 14.2737 3.79896 4.23 37.9896 14.1
-4.81983 14.0144 3.85324 4.26 38.5323 14.2
-5.14357 13.7352 3.90789 4.29 39.0789 14.3
-5.45374 13.4366 3.96293 4.32 39.6293 14.4
-5.74906 13.1193 4.01836 4.35 40.1836 14.5
-6.02826 12.7838 4.07417 4.38 40.7417 14.6
-6.2901 12.4308 4.13036 4.41 41.3036 14.7
-6.53335 12.0611 4.18694 4.44 41.8694 14.8
-6.75682 11.6757 4.24391 4.47 42.4391 14.9
-6.95933 11.2755 4.30126 4.5 43.0126 15
-7.13977 10.8617 4.35899 4.53 43.5899 15.1
-7.29706 10.4353 4.41711 4.56 44.1711 15.2
-7.4302 9.99755 4.47562 4.59 44.7562 15.3
-7.53821 9.5499 4.53451 4.62 45.3451 15.4
-7.62023 9.09371 4.59378 4.65 45.9378 15.5
-7.67543 8.63049 4.65344 4.68 46.5344 15.6
-7.70308 8.16181 4.71349 4.71 47.1349 15.7
-7.70256 7.68931 4.77392 4.74 47.7392 15.8
-7.67333 7.21471 4.83473 4.77 48.3473 15.9
-7.61493 6.73978 4.89593 4.8 48.9593 16
-7.52705 6.26637 4.95751 4.83 49.5751 16.1
-7.40947 5.79635 5.01948 4.86 50.1948 16.2
-7.26211 5.33166 5.08184 4.89 50.8184 16.3
-7.08499 4.87426 5.14458 4.92 51.4458 16.4
-6.87828 4.42613 5.2077 4.95 52.077 16.5
-6.64229 3.9893 5.27121 4.98 52.7121 16.6
-6.37746 3.56578 5.3351 5.01 53.351 16.7
-6.08438 3.1576 5.39938 5.04 53.9938 16.8
-5.76379 2.76677 5.46404 5.07 54.6404 16.9
-5.41656 2.39528 5.52909 5.1 55.2909 17
-5.04373 2.04509 5.59453 5.13 55.9452 17.1
-4.64649 1.71813 5.66034 5.16 56.6034 17.2
-4.22616 1.41625 5.72655 5.19 57.2655 17.3
-3.78424 1.14125 5.79313 5.22001 57.9313 17.4
-3.32235 0.89485 5.86011 5.25001 58.6011 17.5
-2.84227 0.678685 5.92746 5.28001 59.2746 17.6
-2.34592 0.494278 5.99521 5.31001 59.9521 17.7
-1.83534 0.34304 6.06333 5.34001 60.6333 17.8
-1.31273 0.226256 6.13185 5.37001 61.3185 17.9
-0.780388 0.145071 6.20074 5.40001 62.0074 18
-0.240726 0.100479 6.27003 5.43001 62.7003 18.1
0.303728 0.0933142 6.33969 5.46001 63.3969 18.2
0.850354 0.124236 6.40975 5.49001 64.0975 18.3
1.39645 0.193721 6.48018 5.52001 64.8018 18.4
1.93925 0.302055 6.551 5.55001 65.51 18.5
2.47591 0.449321 6.62221 5.58001 66.2221 18.6
3.00356 0.635393 6.6938 5.61001 66.938 18.7
3.51931 0.859929 6.76578 5.64001 67.6578 18.8
4.02022 1.12237 6.83814 5.67001 68.3814 18.9
4.50341 1.42191 6.91089 5.70001 69.1089 19
4.96597 1.75755 6.98402 5.73001 69.8402 19.1
5.40506 2.12801 7.05753 5.76001 70.5753 19.2
5.8179 2.53183 7.13143 5.79001 71.3144 19.3
6.20179 2.96728 7.20572 5.82001 72.0572 19.4
6.55411 3.43241 7.28039 5.85001 72.8039 19.5
6.87237 3.92505 7.35545 5.88001 73.5545 19.6
7.15424 4.44279 7.43089 5.91001 74.3089 19.7
7.39751 4.98305 7.50671 5.94001 75.0672 19.8
7.60017 5.543 7.58292 5.97001 75.8293 19.9
